Country,Sav_Fir,For_Fir,Org_Fir,Hum_Fir
Afghanistan,467.73629999999997,1.7817999999999996,0.0,0.0
Albania,169.863,214.53450000000004,0.0,0.0
Algeria,1734.9515000000001,2596.7794,0.0,0.0
American Samoa,0.0,0.0,0.0,0.0
Andorra,0.0,0.0,0.0,0.0
Angola,781852.4509000002,475611.6645000001,0.0,465951.3902999999
Anguilla,0.0,0.0,0.0,0.0
Antigua and Barbuda,0.0,0.0,0.0,0.0
Argentina,87461.2275,34646.6759,0.0,17151.584499999994
Armenia,122.2,25.2283,0.0,0.0
Aruba,0.0,0.0,0.0,0.0
Australia,1710375.9671999998,135325.31699999998,0.0,4535.987200000001
Austria,1.7820999999999998,14.222100000000001,0.0,0.0
Azerbaijan,773.42,96.30169999999998,0.0,0.0
Bahamas,327.0211,1445.183,0.0,1008.9735000000001
Bahrain,0.0,0.0,0.0,0.0
Bangladesh,639.8757000000002,3746.9959999999987,0.0,3746.9959999999987
Barbados,0.4332,0.0,0.0,0.0
Belarus,274.964,864.2339,0.0,0.0
Belgium,0.8386,0.8796999999999999,0.0,0.0
Belgium-Luxembourg,0.19759999999999997,1.4401,0.0,0.0
Belize,414.4473,2912.2954999999997,0.0,2912.2954999999997
Benin,31636.6464,9522.792599999999,0.0,4556.937300000001
Bermuda,0.0,0.0,0.0,0.0
Bhutan,44.8484,742.6287,0.0,220.71589999999998
Bolivia (Plurinational State of),60799.58490000001,207210.26589999997,0.0,195623.8667
Bosnia and Herzegovina,198.5674,465.1204,0.0,0.0
Botswana,159401.7088,1412.3402,0.0,0.0
Brazil,346444.62710000004,379448.8537,0.0,371446.06250000006
British Virgin Islands,0.0,0.3422,0.0,0.3422
Brunei Darussalam,2.4240000000000004,476.31410000000005,6663.968900000002,476.31410000000005
Bulgaria,170.6364,197.04739999999995,0.0,0.0
Burkina Faso,50418.54550000001,11548.600100000001,0.0,1710.9409999999998
Burundi,764.9351,179.36310000000006,0.0,26.730299999999996
Cabo Verde,0.0,0.0,0.0,0.0
Cambodia,37187.123100000004,155858.16270000002,0.0,83195.59580000001
Cameroon,72130.6081,45774.40669999999,0.0,41568.530499999986
Canada,25046.675499999994,49856.22110000001,0.0,0.0
Cayman Islands,0.0,0.0,0.0,0.0
Central African Republic,382161.43769999995,619380.5841999998,0.0,587556.2628999999
Chad,167115.48390000002,66529.06880000001,0.0,40169.9351
Channel Islands,0.0,0.0,1.8026342797312382,0.0
Chile,938.562,5815.732500000001,0.0,0.0
China,9933.083900000001,26365.6801,0.0,58.12780000000001
"China, Hong Kong SAR",8.469899999999999,6.9827,0.0,0.0
"China, Macao SAR",0.0,0.0,0.0,0.0
"China, mainland",9923.0584,26348.993300000002,0.0,58.12780000000001
"China, Taiwan Province of",1.5556,9.7049,0.0,0.0
Colombia,44536.158200000005,11339.5438,0.0,10393.2543
Comoros,19.05380000000001,61.644500000000015,0.0,61.644500000000015
Congo,56422.8057,12889.5304,0.0,12847.980599999999
Cook Islands,0.0,0.0,0.0,0.0
Costa Rica,347.24820000000005,878.3902999999998,0.0,693.5999
Croatia,150.09970000000007,208.2906,0.0,0.0
Cuba,1628.8309000000004,1785.05,0.0,1619.2768999999998
Cyprus,28.715899999999994,0.465,0.0,0.0
Czechia,2.073,14.010200000000001,0.0,0.0
Czechoslovakia,0.27540000000000003,2.5251,0.0,0.0
Democratic People's Republic of Korea,160.0027,3529.5770000000007,0.0,0.0
Democratic Republic of the Congo,654483.7235999999,949466.1154,0.0,939195.5427000001
Denmark,1.7914999999999999,1.9899,0.0,0.0
Djibouti,0.0436,0.0045000000000000005,0.0,0.0
Dominica,0.0,0.0,0.0,0.0
Dominican Republic,253.02560000000008,439.20110000000005,0.0,106.52539999999999
Ecuador,486.2447,320.73189999999994,0.0,41.541599999999995
Egypt,37.06900000000001,1.8499999999999999,0.0,0.0
El Salvador,99.4879,211.72530000000003,0.0,83.5181
Equatorial Guinea,0.0319,6.7105,0.0,6.7105
Eritrea,638.4479000000001,58.853500000000004,0.0,0.0
Estonia,7.813500000000001,24.942700000000006,0.0,0.0
Eswatini,1258.5404000000003,1157.1140999999996,0.0,0.0
Ethiopia,107784.1625,42265.9721,0.0,11704.4964
Ethiopia PDR,11554.1598,4528.9257,0.0,1249.0104
Falkland Islands (Malvinas),15.609300000000001,0.4575,0.0,0.0
Faroe Islands,0.0,0.0,0.0,0.0
Fiji,29.939900000000005,151.47490000000005,0.0,151.47490000000005
Finland,20.8775,21.256399999999996,0.0,0.0
France,181.45489999999998,648.2344999999998,0.0,0.0
French Polynesia,0.0,0.2316,0.0,0.2316
Gabon,6331.7255,1456.1794,0.0,1454.1855
Gambia,3126.4572,2690.6997,0.0,831.0718
Georgia,144.2401,180.0805,0.0,0.0
Germany,2.9051000000000005,33.0099,0.0,0.0
Ghana,115896.51040000001,6115.9242,0.0,5841.242399999999
Gibraltar,0.18070000000000003,1.6708,0.0,0.0
Greece,471.99610000000007,696.6046999999999,0.0,0.0
Greenland,2.5099,0.0,0.0,0.0
Grenada,0.0,0.1376,0.0,0.1376
Guadeloupe,0.0,0.0,0.0,0.0
Guam,0.0,0.0,0.0,0.0
Guatemala,3599.8807,15931.304899999997,0.0,15481.217000000002
Guinea,88008.6938,7829.8469,0.0,7707.8671
Guinea-Bissau,9813.714200000002,10877.0251,0.0,10877.0251
Guyana,999.3807,1109.717,0.0,1072.4923000000003
Haiti,14.718599999999999,2.0542,0.0,1.5764
Holy See,0.0,0.0,1.8026342797312382,0.0
Honduras,4255.802300000001,13554.838200000002,0.0,11524.179799999998
Hungary,19.620700000000003,46.78460000000001,0.0,0.0
Iceland,1.3119999999999998,0.0,0.0,0.0
India,9966.0434,135900.2938,0.0,38922.141400000015
Indonesia,15075.7614,152562.97229999994,8003769.7157000005,149972.91569999998
Iran (Islamic Republic of),2073.0298,255.1428,0.0,0.0
Iraq,2421.1991000000003,128.71890000000002,0.0,0.0
Ireland,35.5036,13.3921,0.0,0.0
Isle of Man,0.0027,0.0278,0.0,0.0
Israel,21.6851,0.10919999999999999,0.0,0.0
Italy,238.75659999999993,508.14639999999997,0.0,0.0
Jamaica,9.942900000000002,25.4203,0.0,24.941899999999997
Japan,32.9507,424.58729999999997,0.0,0.0
Jordan,1.5375,0.0,0.0,0.0
Kazakhstan,112660.7353,1118.3855,0.0,0.0
Kenya,6555.750700000001,765.6820999999999,0.0,11.750800000000002
Kiribati,0.0,0.0,0.0,0.0
Kuwait,0.0164,0.0,0.0,0.0
Kyrgyzstan,162.30819999999997,26.334999999999997,0.0,0.0
Lao People's Democratic Republic,6797.5628,74692.3184,0.0,42494.784799999994
Latvia,16.7196,49.26689999999999,0.0,0.0
Lebanon,6.518799999999999,0.7691,0.0,0.0
Lesotho,1363.3318000000002,241.66140000000001,0.0,0.0
Liberia,924.4569,4579.3237,0.0,4570.728400000001
Libya,17.191300000000002,0.0,0.0,0.0
Liechtenstein,0.0,0.0,1.8026342797312382,0.0
Lithuania,8.1879,14.148199999999997,0.0,0.0
Luxembourg,0.0,0.1303,0.0,0.0
Madagascar,81778.1237,20489.8901,0.0,9310.824400000001
Malawi,8798.686599999999,12875.500399999997,0.0,9540.869099999998
Malaysia,297.095,9550.643900000001,292372.999,9199.675900000004
Maldives,0.0,0.0,0.0,0.0
Mali,125156.91870000001,29499.378199999992,0.0,8048.748199999998
Malta,0.0,0.0,0.0,0.0
Marshall Islands,0.0,0.0,0.0,0.0
Martinique,0.0,0.0,0.0,0.0
Mauritania,6084.6095000000005,0.6932,0.0,0.0
Mauritius,0.4358,0.6061000000000001,0.0,0.0
Mayotte,0.0,0.6553000000000001,0.0,0.6553000000000001
Mexico,24310.018799999998,74213.19410000001,0.0,34231.3623
Micronesia (Federated States of),0.0,0.0,0.0,0.0
Monaco,0.0,0.0,1.8026342797312382,0.0
Mongolia,15578.434000000001,4927.845599999999,0.0,0.0
Montenegro,67.2687,36.9464,0.0,0.0
Montserrat,0.3009,0.5128,0.0,0.5128
Morocco,78.36829999999998,51.2904,0.0,0.0
Mozambique,393191.26570000005,547247.5144,0.0,155813.38099999996
Myanmar,23930.830899999994,359024.8617,109693.20150000001,276026.9308
Namibia,113552.4177,314.6797,0.0,0.0
Nauru,0.0,0.0,0.0,0.0
Nepal,759.6005,23052.309099999995,0.0,21794.5558
Netherlands (Kingdom of the),0.085,0.016800000000000002,0.0,0.0
Netherlands Antilles (former),0.0,0.0,0.0,0.0
New Caledonia,62.04140000000001,59.314099999999996,0.0,59.314099999999996
New Zealand,18.069599999999998,49.094899999999996,0.0,0.0
Nicaragua,2871.4281000000005,3952.042500000001,0.0,3874.6883000000007
Niger,4881.7366999999995,1638.1334,0.0,0.0
Nigeria,118273.13209999997,82535.66399999999,0.0,59967.079900000004
Niue,0.0,0.0,0.0,0.0
North Macedonia,90.2134,84.74269999999999,0.0,0.0
Northern Mariana Islands,0.0,0.0,0.0,0.0
Norway,21.7796,24.6015,0.0,0.0
Oman,0.0259,0.0,0.0,0.0
Pacific Islands Trust Territory,0.0,0.0,0.0,0.0
Pakistan,427.62699999999995,92.10100000000001,0.0,0.0
Palau,0.0,0.0,0.0,0.0
Palestine,4.533199999999999,0.0,0.0,0.0
Panama,683.9938000000001,456.7802,0.0,420.5680999999999
Papua New Guinea,4316.606700000001,25388.069199999994,0.0,23172.468199999992
Paraguay,47878.5315,27411.77019999999,0.0,14839.759399999995
Peru,1219.9059,4752.685199999999,0.0,3721.275899999999
Philippines,1297.9741,2059.0573999999997,0.0,1288.4377999999997
Poland,19.862099999999998,43.486200000000004,0.0,0.0
Portugal,1624.0499999999997,2271.7862999999998,0.0,0.0
Puerto Rico,2.0285,8.514799999999997,0.0,8.514799999999997
Qatar,0.0,0.0,0.0,0.0
Republic of Korea,35.5471,215.60099999999997,0.0,0.0
Republic of Moldova,10.367799999999999,38.555499999999995,0.0,0.0
Romania,212.03069999999997,361.454,0.0,0.0
Russian Federation,124918.02130000001,206407.28979999994,0.0,0.0
Rwanda,553.7558999999999,121.70630000000001,0.0,0.0
"Saint Helena, Ascension and Tristan da Cunha",0.0,0.0,0.0,0.0
Saint Kitts and Nevis,0.0829,0.0,0.0,0.0
Saint Lucia,0.0,0.0,0.0,0.0
Saint Pierre and Miquelon,0.0,0.0,0.0,0.0
Saint Vincent and the Grenadines,0.0,0.0,0.0,0.0
Samoa,0.0,22.1802,0.0,22.1802
San Marino,0.0,0.0,1.8026342797312382,0.0
Sao Tome and Principe,0.019,0.0,0.0,0.0
Saudi Arabia,257.31919999999997,0.0,0.0,0.0
Senegal,77789.91219999998,15193.241,0.0,6609.7946999999995
Serbia,46.62769999999999,83.2818,0.0,0.0
Serbia and Montenegro,13.956600000000002,148.6285,0.0,0.0
Seychelles,0.0,0.0,0.0,0.0
Sierra Leone,15386.250499999998,2135.337700000001,0.0,2041.8161999999998
Singapore,0.0,0.3126,0.0,0.3126
Slovakia,0.5692,10.269,0.0,0.0
Slovenia,1.0268,24.543099999999995,0.0,0.0
Solomon Islands,0.051699999999999996,0.1706,0.0,0.1706
Somalia,535.6954000000001,6.0291,0.0,0.0
South Africa,73845.12460000001,15217.092599999998,0.0,220.44030000000004
South Sudan,171630.0532,13296.3401,0.0,13001.734699999999
Spain,1216.0153000000003,1718.9704,0.0,0.0
Sri Lanka,560.1254,242.9631,0.0,196.6369
Sudan,30562.9196,53.430099999999996,0.0,5.8311
Sudan (former),555428.1567999999,94442.22370000003,0.0,46696.99850000001
Suriname,336.7591,299.29260000000005,0.0,299.29260000000005
Sweden,11.5222,68.92399999999999,0.0,0.0
Switzerland,0.7376,7.1744,0.0,0.0
Syrian Arab Republic,327.687,20.167099999999998,0.0,0.0
Tajikistan,78.79870000000001,3.9786,0.0,0.0
Thailand,10362.837599999997,82470.78670000003,4813.294,67135.89190000002
Timor-Leste,191.24,197.9292,0.0,109.98450000000003
Togo,21341.440399999996,1532.9984000000004,0.0,1506.5196000000003
Tokelau,0.0,0.0,0.0,0.0
Tonga,0.0,0.0,0.0,0.0
Trinidad and Tobago,20.0759,60.0429,0.0,60.0429
Tunisia,87.7509,60.5797,0.0,0.0
Turkmenistan,2201.9506,2.7532000000000005,0.0,0.0
Turks and Caicos Islands,0.263,1.0077,0.0,1.0077
Tuvalu,0.0,0.0,0.0,0.0
Uganda,49438.657699999996,6546.835000000002,0.0,5821.217500000001
Ukraine,1797.2296000000001,2658.9733000000006,0.0,0.0
United Arab Emirates,0.0452,0.0,0.0,0.0
United Kingdom of Great Britain and Northern Ireland,74.8973,21.2829,0.0,0.0
United Republic of Tanzania,270364.5140999999,222560.9654,0.0,146754.6276
United States of America,43152.3581,59792.77500000001,0.0,315.1026
United States Virgin Islands,0.0,0.0,0.0,0.0
Uruguay,335.3803,155.82359999999997,0.0,0.0
USSR,16810.4528,14524.8296,0.0,0.0
Uzbekistan,584.5579,360.79789999999997,0.0,0.0
Vanuatu,0.5484,23.1588,0.0,23.1588
Venezuela (Bolivarian Republic of),50263.927500000005,20752.322200000002,0.0,16111.264800000004
Viet Nam,6264.27,25167.580100000006,12525.486199999998,7703.112999999998
Wallis and Futuna Islands,0.0,0.0,0.0,0.0
Western Sahara,0.0,0.0,0.0,0.0
Yemen,0.2409,0.0,0.0,0.0
Yugoslav SFR,35.0248,55.7968,0.0,0.0
Zambia,461355.88110000006,565838.7936,0.0,515288.91500000004
Zimbabwe,64409.28779999999,5904.655400000002,0.0,0.0
